image: casa_2.pgm
resolution: 0.020000
origin: [-13.800000, -11.880000, 0.000000]
negate: 0
occupied_thresh: 0.65
free_thresh: 0.196

